31027668 3041
31013112 3027
30998291 3149
30983596 3070
30968825 3189
30954107 3083
30939448 3013
30924624 3093
30909709 3176
30895023 3063
30880369 3031
30865763 2975
30850859 3226
30836201 3058
30821482 3035
30806860 3056
30796420 2991
30781615 3053
30766716 3036
30751937 3051
30737165 2984
30722615 3033
30708015 3039
30693427 3022
30678861 3062
30664329 3042
30649715 3072
30635066 3147
30620571 3042
30606010 3037
30591472 3026
30576968 3023
30563459 3021
30548866 3079
30534322 3011
30519967 3001
30505355 3092
30490801 3049
30476228 3020
30461593 3099
30446995 3083
30432624 3029
30418008 3027
30403469 3030
30388867 3088
30374212 3165
30358500 4224
30341972 4440
30325686 4130
30309448 4114
30293088 4387
30276652 4290
30260465 4091
30244171 4103
30228045 3946
30211585 4103
30194782 4433
30178193 4390
30161522 4423
30145097 4190
30128489 4447
30112155 4195
30095825 4156
30079760 4051
30063214 4246
30048708 2888
30034263 2920
30020290 3037
30005747 3071
29991096 3167
29976408 3070
29961961 3028
29947310 2950
29932683 2960
29918180 2910
29903560 2962
29890990 3110
29876468 2874
29861754 3049
29847139 3044
29832413 3105
29818021 2875
29803278 3101
29788437 3122
29773795 2978
29759244 2892
29744598 2977
29729915 3048
29713858 4422
29697160 4172
29680455 4217
29663932 4133
29647339 4377
29630756 4278
29614091 4216
29597668 4191
29581181 4210
29564690 4220
29548047 4120
29531585 4205
29515264 4087
29498646 4327
29482346 4185
29465816 4230
29449305 4197
29432796 4257
29416281 4274
29399913 4132
29383418 4219
29366696 4424
29350327 4063
29333965 4126
29317490 4308
29301261 4044
29284954 4125
29268666 4171
29252209 4243
29235840 4097
29219389 4140
29202911 4201
29186543 4062
29167581 6588
29150883 4384
29134070 4463
29117578 4189
29101138 4162
29084689 4216
29068293 4107
29051732 4254
29035045 4478
29018396 4484
29001764 4491
28985073 4523
28968645 4273
28952263 4267
28935834 4220
28919054 4456
28902564 4338
28885969 4471
28869333 4499
28852630 4452
28836156 4186
28819443 4469
28802713 4324
28786392 4248
28769915 4346
28753173 4514
28736291 4524
28719661 4486
28703108 4305
28686311 4510
28669664 4456
28653027 4326
28636623 4264
28620089 4317
28603354 4487
28586840 4375
28570279 4453
28553473 4542
28536289 4444
28519374 4556
28502480 4483
28485662 4414
28469149 4212
28452757 4213
28436141 4317
28419535 4321
28402811 4472
28386150 4452
28369500 4466
28353178 4232
28336667 4428
28320016 4426
28303418 4437
28286847 4431
28270141 4456
28253478 4431
28237099 4229
28220511 4374
28204202 4216
28187801 4300
28171308 4320
28154928 4222
28138543 4218
28121788 4461
28105642 4230
28088933 4435
28072236 4442
28055551 4488
28038891 4423
28022360 4243
28005874 4334
27989331 4243
27972680 4431
27955996 4471
27939712 4241
27923123 4421
27906598 4458
27890063 4406
27873538 4441
27856876 4458
27840108 4480
27823478 4282
27806923 4479
27790313 4416
27773747 4471
27757169 4481
27729158 4356
27712578 4429
27696270 4295
27679950 4272
27663471 4303
27646809 4441
27630243 4457
27613371 4461
27596833 4478
27580141 4388
27563845 4044
27547589 4154
27531183 4193
27514824 4228
27498605 3878
27482449 4111
27466055 4159
27449866 4001
27433479 4212
27417139 4249
27400958 4044
27384671 4159
27368695 3841
27352644 3856
27336715 3832
27320539 4147
27303850 4262
27287548 4122
27271148 4177
27254863 4107
27238464 4190
27221955 4397
27205473 4256
27189155 4229
27172590 4405
27156133 4227
27139699 4175
27123085 4424
27106569 4204
27090176 4392
27073526 4452
27057227 4131
27040636 4367
27024047 4370
27007461 4302
26990797 4471
26974072 4445
26957288 4397
26940650 4424
26923905 4457
26907367 4246
26890942 4215
26874231 4351
26857784 4181
26841502 4141
26824949 4266
26808521 4210
26792204 4203
26775598 4416
26758852 4403
26742316 4160
26725644 4417
26709199 4083
26692533 4240
26675613 4447
26658614 4490
26642076 4163
26625354 4276
26608566 4291
26592020 4119
26575496 4304
26558063 5252
26541759 4138
26525234 4315
26508915 4283
26492576 4207
26476204 4152
26459488 4517
26443125 4156
26426614 4285
26410228 4165
26393548 4467
26377147 4119
26360810 4134
26344284 4398
26327892 4289
26311602 4132
26294997 4464
26278676 4084
26262203 4353
26245782 4221
26229456 4119
26212986 4402
26196738 4064
26180331 4223
26163891 4232
26147325 4342
26130660 4257
26113834 4382
26096931 4327
26080286 4135
26063639 4279
26046802 4309
26030270 4021
26013777 4152
25996952 4205
25979822 4112
25962800 4152
25945962 4213
25929044 4046
25912067 4114
25895218 4214
25878603 4022
25861672 4251
25845008 4205
25828529 3989
25811931 4067
25792195 7244
25774707 4042
25758330 4147
25741725 4194
25725009 4078
25708429 4119
25691696 4184
25676017 3103
25661213 3006
25646522 2954
25631343 2976
25616068 3068
25600937 3020
25585835 3023
25571021 3010
25556324 2977
25541311 3034
25526326 3033
25511047 3024
25496079 3014
25481253 2973
25466372 2959
25451466 2983
25434615 4381
25417856 4406
25400932 4241
25384045 4268
25367433 4247
25350873 4045
25334376 4134
25318768 3048
25304234 3040
25288396 4240
25272009 4121
25255564 4229
25239192 4079
25222255 4140
25206118 3776
25190405 3435
25174048 4528
25157605 4226
25141545 4416
25125340 3892
25109540 4201
25092533 4581
25076613 3454
25060689 4195
25044210 4047
25027109 4696
25010957 3064
24996220 2998
24980244 4027
24773169 3005
24758454 3041
24743702 3020
24728834 2973
24713743 3003
24698860 3017
24684212 3015
24669474 3039
24654625 2983
24639632 3061
24624665 3109
24609636 2968
24594770 2900
24577855 5247
24560150 4296
24532046 4403
24503431 3865
24478506 4238
24452528 4250
24435519 4631
24417189 5701
24387266 12037
24366788 5748
24349770 4470
24332425 4602
24315664 4094
24299167 4131
24283767 2966
24269200 2937
24254492 2949
24238362 4517
24223369 3398
24208219 3451
24193612 2975
24177120 4830
24162156 2940
24147545 2962
24132983 2912
24118364 2962
24103699 2973
24089100 3013
24074431 3035
24059851 2925
24043370 4869
24025857 4720
24008668 4466
23991333 4865
23973931 4599
23958543 2974
23942517 4398
23925946 4073
23909409 4150
23892850 4195
23876207 4174
23859620 4222
23843033 4206
23826251 4322
23809084 4034
23792758 3093
23776512 4203
23760012 4157
23743397 4139
23726862 4155
23710416 4083
23693653 4363
23677110 4039
23660577 4125
23643818 4371
23627207 4089
23610781 4110
23594268 4139
23577557 4365
23561075 4014
23544437 4231
23527895 4082
23511349 4183
23494904 4030
23478475 4057
23461968 4128
23445612 3977
23429200 4043
23412726 4102
23396176 4179
23379744 4028
23363293 4084
23346756 4166
23330357 4011
23313841 4085
23297314 4123
23280939 4010
23264477 4060
23247951 4124
23231145 4403
23214106 4519
23195282 6451
23178730 4160
23162064 4207
23145239 4329
23128827 3988
23112358 4067
23095636 4343
23078441 4719
23062915 3185
23048483 2994
23034007 3027
23019336 3059
23004673 2934
22989984 3007
22975193 3093
22960284 3066
22945686 2928
22931137 2892
22916389 3104
22901783 2959
22887202 2888
22872555 2999
22857816 3066
22841469 4725
22825538 3025
22810778 3089
22796080 3083
22781419 2942
22766670 3062
22751913 3083
22737189 3064
22722586 2930
22707839 3038
22693097 3057
22678443 2990
22663804 2939
22649219 2893
22634669 2933
22620182 2875
22605526 2995
22590851 3038
22576103 3081
22561528 2929
22546856 3002
22532094 3061
22517366 3077
22502781 2898
22488187 2898
22473521 2980
22458938 2893
22444327 2912
22429631 2980
22414873 3080
22400103 3071
22385151 2872
22370519 2971
22354651 4210
22337917 4294
22322778 2912
22308092 2995
22293351 3050
22278725 2959
22264081 2933
22249483 2984
22234756 3054
22220025 3064
22205388 2921
22190819 2904
22176274 2939
22161804 2895
22147161 2950
22132391 3111
22117762 2955
22103136 2972
22088483 2967
22073856 2975
22058934 3072
22043930 3041
22029411 2906
22014845 2891
22000174 3057
21985438 3062
21970793 2964
21956157 2997
21941615 2893
21927031 2903
21912388 2991
21895795 4828
21870099 4443
21850254 7200
21815837 5751
21799042 4491
21773765 12820
21756939 4439
21732075 12565
21708070 4074
21685997 9696
21666598 4211
21649555 4515
21632713 4304
21610870 5745
21595047 2958
21576371 6231
21561403 3207
21544783 4199
21526858 2942
21512215 2983
21497648 2882
21483000 2962
21468284 3040
21453760 2879
21437860 4120
21419524 5865
21404793 2943
21389865 3234
21375099 2896
21360468 2885
21345485 2995
21330875 2939
21316200 3024
21301684 2881
21287034 2972
21272327 3042
21257600 3067
21243034 2888
21228399 2982
21213732 3047
21198835 2976
21184142 3037
21169512 2903
21154863 2978
21140170 3019
21125580 2917
21110898 2974
21096209 2993
21081466 3064
21066866 2887
21052139 3052
21037426 3049
21022683 3053
21008119 2911
20993456 2994
20978849 2931
20964177 3040
20949619 2917
20933326 4659
20915876 4500
20898262 4867
20880495 4997
20863115 4611
20841893 7603
20824342 4121
20807780 4135
20791286 4095
20774779 4123
20758213 4141
20741454 4355
20724651 4362
20706646 5465
20690213 4074
20673711 4333
20657112 4153
20640489 4294
20624002 4128
20607293 4323
20590692 4126
20574002 4324
20557374 4187
20540734 4302
20524377 4118
20507753 4303
20491262 4116
20474628 4287
20457880 4322
20441144 4297
20424263 4396
20408275 3569
20389038 7601
20372349 3282
20357087 3461
20341984 3180
20326907 3243
20311670 3415
20296719 3131
20281472 3199
20265412 3422
20249105 4634
20233605 3758
20217421 3959
20201415 4402
20184627 5145
20165746 5984
20148980 4379
20132364 4193
20115784 4108
20100286 3125
20085669 2945
20071099 2922
20054712 4727
20038212 3177
20021794 4747
20006962 3032
19992115 3137
19977462 2989
19962454 3123
19946187 4667
19929760 2995
19915016 3061
19900142 3256
19885541 2951
19870918 2972
19856443 2978
19841820 3051
19827201 2981
19812574 2973
19797845 3067
19783400 2914
19768786 2963
19752960 4218
19738315 3024
19723676 3052
19708948 3099
19694094 3101
19678891 3418
19663468 3665
19648481 3173
19633935 2880
19619308 2962
19604644 3000
19589977 3043
19575079 2885
19560354 3064
19545650 2986
19531066 2938
19516411 3053
19501401 2885
19486852 2891
19472184 3049
19457453 3061
19442905 2915
19428359 2950
19413515 3095
19398817 2887
19384181 2936
19369444 3023
19354724 3045
19340045 3043
19325441 2921
19310817 2999
19296102 3062
19281403 3061
19261420 3683
19245075 4658
19227586 4794
19209943 4955
19192606 4538
19173489 6228
19155734 4776
19137427 5557
19121536 2971
19106292 3584
19091591 3015
19077036 2903
19062460 2908
19045935 4877
19028486 4685
19010962 4782
18993441 4707
18976046 4672
18958468 4656
18940901 4691
18923299 4602
18905781 4721
18888146 4807
18870921 4379
18853621 4519
18836132 4761
18818794 4634
18801349 4643
18784083 4628
18765200 6041
18747562 4768
18730226 4541
18712893 4627
18695513 4654
18677925 4725
18660403 4681
18643107 4522
18625665 4456
18608559 4402
18591201 4704
18576526 2901
18561098 3753
18531424 7063
18515280 3520
18499798 3784
18481969 6107
18465448 4187
18448904 4155
18428743 7750
18412061 4099
18397204 2922
18382623 2933
18368053 2894
18353425 3006
18338988 2869
18324411 2908
18309709 3050
18295171 2887
18279005 4524
18261545 4697
18245755 2986
18230170 3847
18214655 3891
18199950 3042
18185216 2951
18170609 2936
18156037 2913
18141353 3048
18126647 3051
18112031 2933
18097328 2997
18082629 3071
18068102 2873
18053360 2936
18038638 3013
18023928 3093
18009253 3061
17994565 2976
17979893 3020
17965374 2904
17950595 3111
17935242 3610
17918774 3333
17903552 3413
17888088 3470
17872620 3547
17857308 3375
17836612 7461
17817954 4098
17801974 3697
17786802 3185
17771480 3536
17756358 3367
17741379 3188
17726772 2910
17712130 2992
17697410 3041
17682676 3059
17664956 6061
17650216 2948
17635520 3061
17620876 2875
17604322 4855
17588556 2930
17573834 3072
17558182 3153
17543571 2939
17528915 3003
17514293 2983
17499711 2993
17485088 2971
17470399 3020
17455833 2906
17441229 2918
17426687 2913
17411978 3042
17397445 2884
17382840 2919
17368188 3001
17353455 3067
17337088 4705
17321334 2925
17306687 2957
17292156 2868
17277573 2895
17262549 3315
17247818 3076
17233064 3095
17218150 3263
17203492 3008
17188787 3043
17174207 2897
17159627 2930
17143272 4755
17125763 4659
17109824 3009
17095301 3052
17080720 2944
17065933 3002
17051245 3055
17036645 2935
17021868 3129
17007058 3083
16991928 3333
16976489 3563
16961166 3337
16945943 3376
16930519 3310
16915364 3415
16899959 3446
16884453 3700
16869172 3195
16851830 5480
16836628 3006
16821716 3171
16806405 3514
16791092 3209
16775994 3278
16760747 3140
16745401 3264
16730425 3211
16715491 3148
16700698 2944
16686046 2960
16671521 2906
16656972 2960
16642387 2944
16627709 3033
16612923 3102
16598137 3157
16583079 3310
16567694 3468
16552143 3551
16536664 3558
16521050 3660
16505575 3497
16490062 3404
16474616 3513
16459130 3586
16443663 3539
16424297 4418
16409743 2906
16393229 4847
16375916 4662
16358542 4657
16339853 5478
16321593 4966
16302411 5998
16281483 7445
16261251 6186
16242339 5139
16223589 5412
16204940 5340
16185629 6145
16166699 5802
16147457 5761
16128553 5601
16108651 6757
16088669 5428
16070001 5374
16048793 5921
16029972 5541
16010190 6203
15989473 7016
15970078 5681
15949268 7749
15930856 5250
15910713 6249
15891884 5551
15873076 5387
15852521 6978
15829615 9275
15812168 4537
15795060 4761
15777331 4631
15759307 4984
15741136 5566
15723937 4400
15706759 4610
15689315 4576
15672033 4602
15654580 4741
15637205 4625
15621362 3017
15606609 3055
15592040 2929
15577386 2994
15562764 2982
15548233 2928
15533598 2994
15519066 2928
15504418 3067
15489523 3043
15474397 3243
15459552 3122
15444747 3034
15429918 3072
15415336 2918
15400792 2890
15386114 3001
15371075 3439
15356538 2902
15341861 2960
15327126 3064
15312385 3089
15297687 3075
15283175 2967
15266654 4856
15250990 2892
15234839 4527
15219059 2938
15204543 2897
15188143 4727
15163650 3063
15148902 2895
15134250 2980
15119345 3270
15104408 3244
15089882 2886
15075148 3130
15059017 4310
15044077 3212
15024815 5230
15008094 3131
14993145 3177
14978183 3277
14963622 2884
14948508 3153
14933815 2932
14918712 3262
14903747 3174
14888648 3230
14873570 3443
14858456 3197
14843437 3152
14828516 3033
14813369 3314
14798235 3344
14782673 3564
